 1123.0469 
 1115.2344 
 1166.0156 
 1125.0000 
 1130.8594 
 1142.5781 
 1107.4219 
 1138.6719 
 1156.2500 
 1126.9531 
 1136.7188 
 1117.1875 
 1111.3281 
 1115.2344 
 1064.4531 
 1041.0156 
 1046.8750 
 1005.8594 
 1074.2188 
 1056.6406 
 1013.6719 
 1074.2188 
 1056.6406 
 1070.3125 
 1099.6094 
 1058.5938 
 1048.8281 
 1070.3125 
 1017.5781 
 1025.3906 
 1076.1719 
 1000.0000 
 1035.1563 
 1041.0156 
  990.2344 
 1039.0625 
 1060.5469 
  746.0938
  933.5938 
 3042.9688
 1011.7188 
  992.1875 
 1031.2500 
 1033.2031 
 1009.7656 
 1042.9688 
 1023.4375 
  978.5156 
 1023.4375 
  986.3281 
  947.2656 
  964.8438 
  970.7031 
  958.9844 
  998.0469 
 1052.7344 
 1011.7188 
 1033.2031 
 1056.6406 
  998.0469 
 1035.1563 
 1033.2031 
  962.8906 
  958.9844 
  957.0313 
  923.8281 
  945.3125 
  947.2656 
  914.0625 
  923.8281 
  962.8906 
  943.3594 
  966.7969 
  998.0469 
  966.7969 
  941.4063 
  980.4688 
  958.9844 
  921.8750 
  916.0156 
  900.3906 
  884.7656 
  902.3438 
  943.3594 
  921.8750 
  945.3125 
  988.2813 
  935.5469 
  951.1719 
  976.5625 
  941.4063 
  949.2188 
  970.7031 
  951.1719 
  947.2656 
  990.2344 
  988.2813 
  953.1250 
  970.7031 
  949.2188 
  914.0625 
  917.9688 
  935.5469 
  900.3906 
  910.1563 
  937.5000 
