 1005.8594 
  982.4219 
  994.1406 
  992.1875 
 1003.9063 
 1011.7188 
  998.0469 
  998.0469 
 1003.9063 
 1009.7656 
  990.2344 
 1003.9063 
  998.0469 
 1001.9531 
 1005.8594 
  994.1406 
  986.3281 
  990.2344 
  992.1875 
  980.4688 
  982.4219 
  984.3750 
  970.7031 
  976.5625 
  976.5625 
  978.5156 
  974.6094 
  982.4219 
  966.7969 
  994.1406 
  990.2344 
  980.4688 
 1001.9531 
  996.0938 
  988.2813 
  994.1406 
 1000.0000 
  988.2813 
  992.1875 
  994.1406 
  978.5156 
 1009.7656 
  994.1406 
  992.1875 
 1013.6719 
  982.4219 
  990.2344 
  996.0938 
  980.4688 
  992.1875 
  986.3281 
  982.4219 
  976.5625 
  955.0781 
  964.8438 
  974.6094 
  970.7031 
  972.6563 
  986.3281 
  980.4688 
  982.4219 
 1001.9531 
  992.1875 
  982.4219 
 1007.8125 
  990.2344 
  974.6094 
  988.2813 
  982.4219 
  966.7969 
  982.4219 
  978.5156 
  972.6563 
  988.2813 
  992.1875 
  978.5156 
  978.5156 
  978.5156 
  964.8438 
  982.4219 
  992.1875 
  988.2813 
 1001.9531 
 1005.8594 
 1001.9531 
  998.0469 
  990.2344 
  994.1406 
 1011.7188 
 1001.9531 
  976.5625 
  994.1406 
  992.1875 
  988.2813 
  982.4219 
  992.1875 
  970.7031 
  984.3750 
  976.5625 
  988.2813 
  976.5625 
  974.6094 
  955.0781 
  980.4688 
  958.9844 
  951.1719 
  958.9844 
  953.1250 
  951.1719 
  962.8906 
  958.9844 
  957.0313 
  972.6563 
  968.7500 
  964.8438 
  970.7031 
  966.7969 
  962.8906 
  966.7969 
  957.0313 
  953.1250 
  964.8438 
  955.0781 
  953.1250 
  964.8438 
  962.8906 
  962.8906 
  968.7500 
  968.7500 
  962.8906 
  972.6563 
  976.5625 
  968.7500 
  976.5625 
  982.4219 
  962.8906 
  980.4688 
  982.4219 
  972.6563 
  964.8438 
  974.6094 
  958.9844 
  962.8906 
  962.8906 
  957.0313 
  960.9375 
  974.6094 
  970.7031 
  964.8438 
  982.4219 
  976.5625 
  966.7969 
  974.6094 
  966.7969 
  966.7969 
  978.5156 
  996.0938 
  970.7031 
  976.5625 
 1005.8594 
 1001.9531 
  980.4688 
  980.4688 
  982.4219 
  976.5625 
  980.4688 
  980.4688 
  964.8438 
  972.6563 
  976.5625 
  958.9844 
  986.3281 
  968.7500 
  962.8906 
  986.3281 
  988.2813 
  970.7031 
  990.2344 
  980.4688 
  970.7031 
  986.3281 
  976.5625 
  970.7031 
  976.5625 
  986.3281 
  976.5625 
  974.6094 
  992.1875 
  980.4688 
  962.8906 
  978.5156 
  986.3281 
  972.6563 
  978.5156 
  988.2813 
  960.9375 
  962.8906 
  974.6094 
  958.9844 
  964.8438 
  964.8438 
  951.1719 
  955.0781 
