 -341.1380  -338.3636  -339.9966  -347.7628  -351.9191  -361.3517  -365.7207 
 -375.6893  -379.1548  -388.2886  -391.0811  -399.9775  -402.2571  -410.7050 
 -412.6681  -420.5106  -422.1297  -428.9492  -430.4794  -436.8345  -438.2703 
 -442.4112  -446.4178  -449.9082  -453.3374  -456.3234  -459.0768  -461.8372 
 -464.2412  -466.7786  -469.0770  -471.5486  -473.9030  -476.4109  -478.8546 
 -481.4050  -483.8705  -486.4061  -488.8430  -491.3644  -493.8302  -496.3697 
 -498.8468  -501.3940  -503.9217  -506.5044  -509.0856  -511.3622  -513.1739 
 -514.7407  -516.0588  -517.1555  -517.8975  -518.3740  -518.8055  -519.1852 
 -519.4209  -519.4034  -519.3200  -519.1275  -518.7719  -518.0431  -516.4449 
 -514.4537  -514.2674  -511.0299  -510.4557  -506.0418  -505.0133  -498.8456 
 -497.0754  -489.3631  -486.6318  -478.8121  -476.3583  -470.0579  -467.9765 
 -462.9630  -460.5195  -455.7036  -452.8274  -447.2611  -449.7041  -451.6219 
 -453.5290  -456.2204  -457.3563  -460.1331  -462.5308  -469.3186  -471.2490 
 -480.9781  -484.0739  -492.8080  -495.0199  -502.0526  -503.6004  -510.0825 
 -512.7315  -519.1331  -523.6121  -523.5029  -524.5564  -509.7242  -484.4794 
 -445.6889  -403.5625  -353.1501  -274.9108  -251.6500  -185.7052  -143.9974 
 -106.8496   -94.8752   -56.8825   -39.0328    -5.1147     5.1449    32.3626 
   39.8116    74.5548    84.4918   130.1056   190.4506   270.4450   369.8118 
  466.5111   600.5443   649.5970   739.4757   758.2662   759.0461   719.4738 
  644.6942   548.1412   442.4115   329.6088   213.6832   191.1060   111.2646 
   91.2419    47.0989   -26.2102   -51.6117  -117.9361  -198.4399  -290.0359 
 -413.0005  -480.4521  -521.4873  -570.3076  -562.3946  -546.1110  -526.1823 
 -514.4672  -493.7605  -487.0689  -516.7621  -577.7821  -660.0169  -756.1806 
 -853.2050  -885.6353  -894.6853  -870.6065  -814.5574  -734.2014  -646.8705 
 -619.6950  -612.5139  -646.7110  -722.5073  -824.7288  -935.2664 -1029.8254 
-1060.2938 -1037.2132  -956.2818  -822.5763  -655.6328  -479.8288  -317.2259 
 -180.1163   -12.3425    38.2712   247.3092   349.4829   702.0846  1253.9098 
 2032.8173  3032.9900  4209.4971  5479.5387  6730.7080  7835.2570  8668.1387 
 9138.1845  9142.3180  8700.3006  7834.0290  6624.7699  5188.7577  3660.0962 
 2171.5897   836.8324  -263.4528 -1088.7281 -1638.7748 -1947.1912 -2061.3512 
-2043.6170 -1991.0219 -1908.2694 -1872.6671 -1810.7633 -1711.1239 -1672.9329 
-1574.3221 -1419.1247 -1222.2995  -996.7402  -764.8419  -541.1590  -342.8003 
 -280.0303  -263.9115  -303.3586  -391.5090  -512.5772  -644.6368  -692.0872 
 -706.2939  -677.9312  -605.1827  -503.4231  -386.5238  -271.3049  -232.2305 
 -238.8671  -243.7040  -306.7981  -395.4554  -414.0472  -448.0818  -457.5287 
 -431.4808  -380.3352  -297.0540  -246.0522  -206.5541  -186.1137  -184.4090 
 -191.2957  -199.8771  -204.6217  -214.8537  -216.8951  -198.9741  -158.7907 
 -113.1014   -36.9893   -21.4332    35.7180    39.0160    48.9744    49.4847 
   61.3605    60.1114    69.3963    71.5146   105.1493   144.6405   214.5825 
  233.6951   286.6523   298.4202   337.4348   363.0018   376.9420   413.2943 
  422.5691   469.7237   485.1557   547.5736   609.2462   702.8917   727.1587 
  796.6503   813.8329   853.7828   907.1492   922.2662   971.2821   985.2047 
 1037.1341  1101.0977  1183.0026  1280.4231  1377.8926  1501.1421  1567.6492 
 1621.9442  1633.8809  1677.4205  1687.4353  1721.7666  1730.8432  1759.8935 
 1769.3708  1793.3731  1799.4341  1813.8034  1833.9567  1841.5190  1857.6139 
 1856.0173  1858.3758  1860.2106  1861.3953  1847.7295  1843.7975  1813.6672 
 1803.3777  1767.0297  1720.4535  1666.5826  1602.1073  1525.4248  1449.9026 
 1370.9827  1249.2418  1207.7862  1123.7290  1038.1266   950.9687   866.5429 
  771.3918   675.8430   580.6797   486.8344   358.2764   273.0898   194.4180 
  119.4476    45.9971    17.6759   -73.2698  -102.1583  -159.8953  -243.4820 
 -270.3747  -347.3287  -375.1008  -439.3868  -464.2226  -510.9552  -513.7057 
 -524.6297  -525.1462  -536.9959  -541.4733  -554.3404  -560.4800  -570.2717 
 -574.6979  -578.0569  -586.7246  -592.5555  -601.9442  -600.0940  -595.7179 
 -592.6459  -592.7689  -590.9382  -587.0094  -583.8821  -588.8468  -595.6488 
 -598.5156  -605.0268  -607.1993  -612.3469  -613.3105  -618.1800  -618.7775 
 -619.9420  -620.4072  -622.2392  -620.1403  -620.0971  -612.6004  -611.1841 
 -600.7305  -597.9063  -582.3679  -577.6284  -565.4607  -562.1763  -550.8271 
 -542.5601  -538.5390  -525.0555  -521.0502  -509.4617  -506.9067  -497.7207 
 -492.6515  -483.3554  -480.3970  -473.8718  -472.1218  -463.6203  -460.9441 
 -449.7218  -446.1448  -434.8528  -432.4445  -421.3649  -419.5850  -404.6151 
 -399.4950  -377.1341  -366.5315  -350.1412  -344.9807  -358.7865  -382.0283 
 -432.9689  -449.5604  -486.6519  -503.8895  -526.5938  -523.8600  -518.8344 
 -513.9930  -509.7980  -509.8174  -508.8199  -507.3580  -508.5254  -506.6884 
 -506.3628  -503.6603  -503.0450  -503.8544  -507.3075  -509.4439  -514.5154 
 -514.8619  -517.2507  -516.0954  -521.3571  -531.7271  -534.5581  -540.6602 
 -541.5546  -548.5899  -553.9045  -556.2195  -563.2343  -572.3998  -574.0775 
 -579.1440  -578.8877  -590.5046  -594.3456  -600.9022  -604.8549  -608.2036 
 -618.2786  -617.4693  -620.9132  -620.5331  -621.6742  -621.4154  -622.0068 
 -621.3197  -619.8902  -619.1007  -617.2232  -616.4294  -614.1167  -614.0266 
 -613.4352  -614.4096  -616.1991  -617.9593  -622.2907  -624.9943  -625.1211 
 -629.0361  -629.6889  -633.0476  -638.5290  -640.6522  -645.1622  -646.2319 
 -650.0074  -651.3608  -656.5042  -658.6154  -664.9455  -667.6907  -675.3950 
 -676.7444  -682.4446  -683.2558  -686.0705  -688.7586  -692.7517  -694.8567 
 -696.1304  -696.6837  -694.2851  -693.5177  -690.6800  -690.1032  -688.2114 
 -687.9478  -688.4750  -687.5497  -687.5455  -685.3953  -686.4668 