 -611.8457  -610.9077  -606.8256  -606.1714  -602.4416  -602.0386  -599.6528 
 -599.8792  -598.8074  -599.1005  -597.1086  -596.2629  -596.1326  -595.9717 
 -596.8498  -597.1844  -599.0977  -599.6626  -600.9876  -601.4142  -601.7785 
 -602.3179  -600.3504  -600.9901  -597.9027  -597.8813  -589.5202  -588.0043 
 -577.6008  -559.1009  -554.5179  -537.3574  -528.2739  -511.7025  -506.1576 
 -516.6556  -525.8234  -541.6775  -547.4858  -555.3970  -568.0762  -563.7172 
 -564.5768  -541.5173  -532.5313  -509.9177  -497.6029  -489.4267  -486.8239 
 -501.1922  -544.7099  -559.1122  -590.6680  -606.0390  -615.5673  -621.9687 
 -612.6481  -591.6120  -586.0699  -575.8639  -568.8302  -565.9482  -568.1879 
 -565.3015  -563.4251  -565.6548  -564.9976  -565.3698  -547.3999  -524.1801 
 -490.3902  -430.4101  -409.9260  -344.7388  -324.8804  -263.4425  -244.1709 
 -187.9597  -171.9536  -118.6051  -100.4514   -52.4096   -34.8057     2.7101 
   17.0441    50.2041    59.2206    92.5584   100.6438   141.0774   199.0000 
  279.3433   382.2104   484.1566   622.4646   673.8714   756.0792   779.7837 
  749.3385   674.6357   566.2048   439.8320   300.0116   151.2552    78.7669 
   63.7903    11.7185    -4.8266   -59.0413   -74.3264  -127.9311  -191.4329 
 -276.5206  -360.4343  -468.4486  -509.3105  -569.7614  -561.1743  -544.2676 
 -523.4391  -509.9968  -489.7568  -483.4597  -519.3047  -590.8257  -685.5029 
 -793.5455  -898.2306  -929.9195  -937.7546  -904.6471  -834.4233  -738.3510 
 -637.6024  -608.1694  -601.0241  -643.8595  -735.3629  -856.6053  -986.7797 
-1098.8368 -1134.9989 -1112.3156 -1026.8880  -885.5425  -711.5205  -532.9356 
 -361.9832  -224.5708   -94.1866   -75.7914    94.3581   185.3825   526.8867 
 1083.2013  1884.6560  2925.7656  4160.0047  5501.5894  6834.4155  8026.9293 
 8950.5366  9498.4265  9601.5443  9238.9357  8440.6942  7283.0878  5876.8449 
 4350.7739  2833.6446  1437.4400   244.6779  -698.3969 -1382.1382 -1827.9616 
-2078.5970 -2189.7331 -2179.2381 -2148.0330 -2094.3354 -2017.7343 -1920.1257 
-1797.4281 -1644.8933 -1461.7309 -1253.9309 -1034.7123  -822.6462  -627.7538 
 -459.8978  -406.3868  -392.5574  -420.9903  -486.1425  -576.3012  -673.7407 
 -712.8609  -713.4723  -711.2691  -674.3626  -604.8411  -522.7277  -508.2177 
 -475.7101  -475.6072  -472.7157  -474.3527  -471.4520  -474.4912  -465.0527 
 -463.0652  -442.0910  -393.1211  -377.7168  -338.4203  -329.8223  -299.2293 
 -292.6922  -267.5777  -260.0167  -233.6442  -225.0555  -200.0892  -191.6156 
 -167.0050  -157.8972  -132.7164  -124.8097   -94.6258   -84.8702   -50.9752 
  -41.1391    -4.4109     6.5574    34.1048    63.0048   105.1545   118.7609 
  159.0783   171.5698   215.1384   231.2226   274.3130   288.1757   328.7562 
  340.3094   377.2470   412.5753   454.9077   496.6934   570.7262   597.3532 
  671.3631   723.8734   750.4137   829.6236   856.2542   941.4134   966.6604 
 1038.9697  1105.3129  1181.7002  1291.5497  1322.8383  1412.9034  1470.5505 
 1523.8371  1543.7447  1606.9463  1626.1421  1686.4879  1703.3035  1756.8993 
 1774.4569  1820.7372  1836.3422  1875.9571  1890.7501  1917.3809  1916.9102 
 1916.6120  1912.2048  1902.1423  1893.8874  1883.3260  1860.4782  1852.9134 
 1823.1669  1813.1694  1773.0552  1759.4726  1700.2565  1681.3421  1615.9516 
 1541.5643  1449.8505  1350.0861  1245.5282  1139.3925  1034.4537   932.7593 
  835.4839   742.9289   654.6441   569.6404   486.6523   404.4117   321.8982 
  238.5405   154.3450    69.9411   -20.1063   -99.1492  -210.2766  -235.6591 
 -315.0598  -364.0226  -379.3464  -429.1284  -442.5614  -485.2951  -495.9559 
 -529.1031  -537.7315  -563.3027  -569.0585  -589.3936  -592.9219  -604.2632 
 -621.6133  -629.5765  -629.9506  -634.6121  -634.2081  -636.9450  -636.1425 
 -637.2001  -637.1007  -641.3396  -642.0986  -643.2523  -642.5249  -643.0101 
 -642.0554  -642.9535  -642.1607  -645.5688  -645.5883  -652.3651  -654.2399 
 -663.8653  -667.8299  -680.2696  -686.6546  -691.5798  -695.0700  -687.5855 
 -662.7328  -651.6468  -627.4387  -622.1718  -605.8919  -595.2124  -586.5093 
 -585.7525  -574.8751  -565.9789  -562.5383  -555.9147  -555.6728  -548.4680 
 -533.7311  -529.8072  -521.3240  -515.7850  -510.6834  -498.2496  -499.2550 
 -497.0118  -496.8935  -493.6312  -493.0741  -490.4931  -489.8232  -488.6102 
 -488.3172  -487.8626  -487.5256  -487.8496  -487.6550  -488.3163  -488.5374 
 -489.2460  -489.4607  -490.2212  -490.9110  -491.5926  -492.4466  -493.2579 
 -494.1631  -495.2776  -497.0262  -499.2030  -501.9702  -505.0730  -508.7658 
 -512.7649  -517.2208  -521.7600  -526.4650  -531.2442  -536.2092  -541.3362 
 -546.4739  -551.4324  -556.2829  -561.0187  -565.6404  -569.8763  -576.5419 
 -579.3695  -586.6912  -589.9871  -597.7639  -601.0508  -609.3243  -612.3653 
 -619.9956  -622.7233 