 -475.0023  -471.3557  -467.7540  -464.1934  -460.5790  -457.0215  -453.6806 
 -451.1685  -448.9750  -447.5910  -446.4256  -445.9578  -445.8905  -446.4520 
 -447.2176  -448.6383  -450.2683  -452.4149  -454.7405  -457.3978  -460.1969 
 -463.0423  -466.8534  -468.2251  -472.4107  -473.9809  -478.1816  -479.8669 
 -483.8320  -485.8424  -490.0124  -492.1875  -495.8160  -497.9147  -500.2210 
 -501.5043  -502.6551  -503.0488  -503.3085  -502.4643  -504.4869  -502.8221 
 -507.4494  -507.8377  -518.1028  -543.4978  -552.3456  -569.6385  -577.8100 
 -599.8137  -607.9758  -610.9185  -609.0773  -613.6988  -616.0015  -620.7154 
 -619.1542  -622.7419  -629.2297  -639.7948  -643.0328  -647.2568  -658.1152 
 -664.3599  -663.4406  -652.2633  -647.1196  -642.2800  -638.5526  -628.4155 
 -622.4918  -625.0041  -635.7066  -639.9149  -643.2886  -646.9750  -655.7251 
 -656.6172  -652.3077  -649.6419  -647.1171  -635.5329  -628.8950  -631.2577 
 -631.7550  -650.1059  -693.8634  -708.2159  -733.5797  -760.7885  -771.0797 
 -762.7430  -732.0003  -681.6763  -615.1733  -530.2471  -449.9494  -334.6708 
 -306.7925  -229.7295  -187.3187  -159.8506  -136.5536  -133.6488  -118.5391 
 -112.7663   -99.7145   -97.9423   -73.6570   -66.0878   -23.3247    38.9422 
  117.1597   214.4269   313.5040   438.6632   507.8807   548.5625   590.1430 
  600.8707   566.3265   499.1003   411.1793   314.3818   211.1329   105.4552 
   84.7126    12.4359    -7.7032   -51.5622  -126.5514  -152.2101  -221.6569 
 -310.7817  -417.1643  -519.2204  -650.5718  -699.5016  -775.5938  -781.8166 
 -769.3132  -729.8814  -710.0064  -694.9434  -691.9842  -698.5021  -761.2728 
 -854.0540  -973.6849 -1109.2376 -1163.8261 -1165.5685 -1164.7473 -1103.8348 
-1008.9366  -893.8701  -782.6863  -753.8635  -748.1610  -800.2280  -905.8705 
-1042.5526 -1188.5321 -1315.7045 -1356.9973 -1336.1414 -1247.4466 -1095.5315 
 -902.7440  -696.6685  -502.2986  -334.0839  -122.7073   -58.5318   188.7810 
  303.4557   682.0545  1261.6713  2070.3093  3101.6129  4309.5442  5609.8193 
 6888.3603  8015.6914  8865.0303  9342.3302  9346.0892  8890.9047  7998.1563 
 6747.9145  5256.0533  3657.5687  2087.7352   664.3112  -526.3070 -1436.9166 
-2060.4510 -2424.4540 -2575.2772 -2553.0332 -2495.1456 -2409.5253 -2308.4216 
-2205.4595 -2100.0241 -1982.5108 -1840.8993 -1666.9650 -1460.6789 -1231.8830 
 -999.0278  -770.4362  -556.5885  -479.8362  -457.0946  -481.3084  -552.7580 
 -663.8828  -798.3658  -854.8179  -860.3537  -861.1953  -807.4947  -720.8915 
 -608.2467  -480.1269  -428.5302  -429.7690  -432.1969  -464.8989  -478.5612 
 -499.5249  -526.1898  -532.7508  -521.0493  -481.2115  -433.4000  -350.3497 
 -328.4225  -284.9278  -234.3975  -214.8727  -213.5251  -204.1941  -200.5534 
 -188.7582  -182.9910  -174.0857  -154.7249  -146.2399  -122.3812  -112.7099 
  -82.6936   -70.3842   -34.6272   -24.3419    12.8182    24.3342    50.9557 
   80.7053   127.1054   143.3004   192.9468   207.5094   258.8544   276.4313 
  336.5536   354.0681   413.8350   434.0231   478.4384   525.3689   569.6891 
  641.3221   688.7302   714.7584   789.1494   814.9213   883.9385   905.1502 
  979.2032  1000.2739  1067.8416  1144.1723  1238.1842  1346.2507  1452.4068 
 1584.1257  1654.4483  1710.7901  1745.4254  1755.9202  1787.5044  1797.5749 
 1834.8225  1848.2778  1873.0399  1898.9110  1934.0341  1946.8168  1980.0356 
 1994.8445  2019.3999  2023.2292  2021.4768  2011.0129  1984.7725  1972.3482 
 1950.2616  1909.1104  1895.9809  1842.4255  1824.3704  1776.3570  1717.1604 
 1650.9816  1572.3028  1485.7257  1387.1165  1292.4335  1190.2714  1050.4645 
 1005.6631   867.0158   822.0431   729.8071   635.6839   550.2753   457.7788 
  371.6098   284.4590   167.1854   123.5429     9.9555   -52.3208  -109.3219 
 -155.2935  -199.0985  -212.5662  -258.8772  -270.9329  -310.5529  -322.1007 
 -357.6409  -367.8964  -397.7133  -405.4491  -429.7699  -435.9969  -461.3067 
 -470.4674  -493.3244  -505.4929  -508.7248  -522.0467  -524.7863  -535.3581 
 -536.8073  -542.4199  -550.6748  -553.8608  -556.6805  -557.9803  -557.5675 
 -558.3248  -555.1871  -554.8304  -549.7603  -541.3200  -538.5927  -532.2397 
 -530.4922  -525.7651  -523.3887  -516.0123  -515.0196  -509.6790  -508.8710 
 -503.3839  -501.9729  -496.0982  -494.6771  -488.9445  -487.0873  -483.0473 
 -478.0773  -477.4493  -474.0789  -473.3162  -468.5218  -467.2519  -462.2963 
 -460.3192  -455.4493  -453.0100  -449.0050  -446.6045  -444.3805  -442.5088 
 -443.8333  -443.4604  -454.2288  -458.2308  -466.0493  -468.4287  -474.3864 
 -475.7739  -483.4339  -485.9598  -495.0842  -498.0206  -507.0760  -509.1027 
 -516.1899  -517.9713  -524.1569  -525.8849  -531.6211  -533.4917  -539.4125 
 -541.2466  -544.6999  -547.9562  -551.2076  -554.6886  -558.3134  -561.9779 
 -565.5177  -569.1349  -572.8638  -576.3362  -579.1997  -581.6765  -583.6551 
 -585.4314  -587.2128  -588.7064  -590.3658  -592.0683  -593.8823 