 -501.4136  -499.8950  -498.0727  -496.3996  -494.9088  -492.1810  -491.3195 
 -488.5574  -488.5438  -486.8090  -487.3738  -487.7219  -489.2172  -491.2312 
 -493.0084  -496.9003  -499.2205  -503.9673  -506.2364  -508.7380  -512.6549 
 -514.0032  -518.2833  -520.0217  -524.6237  -526.8277  -531.4234  -533.5694 
 -537.1377  -539.3770  -542.0088  -543.7121  -545.0460  -545.9288  -546.2897 
 -545.9167  -546.1460  -544.2342  -544.4721  -543.5545  -550.5212  -571.4262 
 -579.4834  -589.8655  -607.7630  -617.1339  -626.9479  -631.8649  -615.1973 
 -605.0476  -583.4747  -571.6253  -561.7997  -544.6649  -539.2367  -547.2395 
 -555.3954  -570.3708  -574.1557  -584.0623  -591.6308  -597.9128  -598.5238 
 -606.7645  -609.0262  -617.2521  -620.2567  -625.2829  -626.9894  -627.2094 
 -627.7616  -629.0353  -630.7703  -633.7968  -636.3370  -629.9083  -627.7281 
 -627.3220  -627.6214  -625.9791  -621.2538  -622.5297  -626.4996  -632.6786 
 -635.6975  -641.6361  -643.3456  -647.5063  -648.1905  -650.6029  -650.0333 
 -650.8665  -652.0391  -654.4427  -654.5910  -655.1020  -651.4909  -650.1586 
 -641.4910  -639.0596  -627.8265  -624.5286  -608.9473  -604.2603  -581.7517 
 -575.4305  -541.6321  -530.7050  -494.7459  -446.1324  -396.6367  -336.5077 
 -254.5896  -223.7223  -150.7023  -130.5706  -119.6068  -126.4187  -132.0025 
 -148.9799  -159.3733  -155.0816  -151.0120   -94.5393     5.9039   137.4805 
  286.6422   448.8989   616.6335   683.1639   690.0759   691.0367   632.1978 
  535.2385   416.4420   280.9187   141.9978   118.2891    37.7290    21.9279 
  -15.7056   -76.4091   -96.3817  -154.7362  -225.9996  -325.5483  -425.4833 
 -567.2909  -619.5968  -715.3357  -737.0374  -738.2197  -699.8379  -636.5101 
 -624.0793  -597.5150  -590.4402  -628.9264  -703.0175  -810.0010  -939.9259 
 -998.8180 -1010.2635 -1013.2250  -971.4462  -893.1406  -793.3172  -694.3992 
 -668.6789  -663.5124  -711.7801  -810.3019  -938.7271 -1077.3708 -1199.9648 
-1240.0613 -1222.5657 -1141.6815 -1001.5752  -824.1294  -636.7215  -449.1086 
 -293.1838  -140.4051  -118.1399    53.5982   138.5533   448.0675   951.6705 
 1682.1239  2639.5307  3785.2691  5042.3850  6302.8774  7441.0207  8330.6948 
 8863.8661  8967.0614  8612.9598  7825.0548  6674.5584  5270.0894  3741.9565 
 2223.7686   834.5040  -336.0123 -1235.9995 -1853.8647 -2213.7568 -2358.2983 
-2336.0342 -2280.1181 -2190.0968 -2072.7729 -2028.8175 -1951.1304 -1830.8137 
-1784.8024 -1673.4424 -1506.2590 -1304.8339 -1084.3479  -867.0919  -668.2233 
 -502.8711  -455.2993  -444.7560  -482.6151  -570.6508  -692.4372  -750.6300 
 -765.1243  -769.8118  -733.9328  -663.0188  -564.3116  -447.5647  -399.5008 
 -400.3758  -412.6075  -425.0755  -448.3932  -459.3056  -479.8309  -484.4119 
 -468.8238  -427.7574  -374.0554  -296.3433  -253.0366  -225.2915  -214.9119 
 -219.4994  -228.0576  -232.2500  -238.2332  -243.1050  -245.2711  -221.0687 
 -189.6776  -127.9466  -111.1894   -69.9832   -46.0220   -42.4984   -27.6789 
   -3.1564    -0.7247    21.8215    28.5388    67.9842   130.3497   200.8846 
  298.8183   353.5600   394.5400   416.2555   416.1604   422.5792   428.8103 
  428.3325   440.2535   442.7421   478.1251   532.9568   611.2281   688.9378 
  809.4143   841.9924   932.5559   958.4801  1036.5602  1060.3890  1110.7299 
 1189.8913  1212.0378  1265.5828  1322.6007  1379.2447  1454.9585  1506.6411 
 1556.0024  1600.3465  1616.0571  1673.2146  1688.9913  1741.5175  1758.6061 
 1805.7996  1820.3461  1865.8531  1880.8492  1924.1296  1940.8606  1966.5912 
 1962.5434  1949.8471  1938.4278  1910.7402  1897.7493  1857.8518  1828.7484 
 1814.9370  1765.1811  1749.8610  1689.2964  1668.8425  1616.8774  1554.0919 
 1485.6890  1405.8592  1319.8459  1229.2510  1135.6321  1040.3039   944.2550 
  848.1859   752.6385   652.5918   561.2197   468.3814   340.1430   306.4257 
  195.8709   124.9090    92.2766    25.9271   -64.3092   -94.2038  -154.7155 
 -239.4051  -267.0640  -345.9752  -374.7387  -442.0561  -467.8608  -511.0613 
 -517.6438  -514.0077  -504.2837  -479.4091  -466.0754  -454.6326  -441.6614 
 -437.8247  -455.8434  -482.3086  -537.7342  -553.6433  -583.5836  -618.6944 
 -626.3108  -621.4072  -610.4332  -602.9187  -588.4840  -585.2976  -574.6453 
 -573.2519  -565.2305  -563.8739  -556.0735  -554.1505  -546.9640  -544.6530 
 -536.8452  -534.0466  -526.3565  -523.1786  -515.4730  -512.2758  -504.1200 
 -500.5160  -491.5173  -487.9858  -478.5244  -472.2951  -469.4992  -459.5335 
 -455.9554  -445.4191  -441.7544  -431.6410  -427.8338  -419.3421  -415.8966 
 -408.5359  -405.0564  -399.8364  -396.8997  -393.8357  -391.8625  -392.8645 
 -392.0820  -401.5809  -405.5022  -414.3017  -417.6253  -426.1754  -429.4235 
 -438.9896  -442.3428  -452.6113  -454.5033  -460.4552  -464.6451  -471.9329 
 -475.1798  -478.9497  -480.5487  -480.8172  -482.0182  -481.8268  -482.5617 
 -482.5147  -482.1014  -481.5281  -478.9937  -475.1856  -472.8588  -478.4598 
 -497.7986  -505.2085  -517.8864  -526.1401  -533.8065  -549.4716  -547.8349 
 -548.5028  -549.7989  -554.3031  -558.6359  -556.9191  -558.8653  -565.2258 
 -578.2247  -583.5161  -595.6837  -599.5206  -609.3947  -611.2378  -618.4007 
 -619.0363  -624.5991  -624.6604  -628.2824  -627.7332  -630.1552  -630.2474 
 -632.9596  -633.4908  -635.8842  -636.3809  -638.5725  -639.0977  -639.8147 
 -640.1307  -640.2187 